2466
2464
1512
1510
452
451
453
61
45
913
946
947
948
913
915
914
45
73
76
346
1789
1790
1791
346
347
348
2215
2216
2217
348
76
78
732
731
730
1109
1108
1110
730
78
77
73
2296
2737
2739
2738
2296
2297
2298
73
192
2049
2048
2047
192
1085
1086
1084
192
191
190
73
74
1443
1441
1442
74
75
989
988
2351
2350
2352
988
990
2487
2485
2486
2522
2521
2523
2486
990
2182
2184
2183
990
75
1585
1586
1587
75
134
135
468
467
2242
2244
2243
467
1049
1087
1089
1088
1049
1048
1050
1937
2428
2430
2429
1937
1936
1938
1050
467
466
758
759
757
2475
2474
2473
757
466
533
2145
2143
2666
2665
2667
2143
2144
533
532
534
955
956
1267
1269
2728
2729
2730
1269
1268
956
957
1365
1364
1363
957
534
466
135
2356
2358
2357
135
133
75
45
4
0
2
256
662
1993
1995
1994
2299
2301
2300
1994
662
1446
2197
2199
2198
1446
1444
1445
662
661
663
1732
1734
1733
663
256
257
258
2
1210
1212
1620
1618
2471
2472
2470
1618
1619
1212
1211
1930
1931
1932
1211
2
104
318
317
316
104
1629
1627
1628
104
103
588
586
587
1241
1240
1272
1270
1271
1240
1242
587
103
2165
2166
2164
103
179
373
655
656
1274
1275
1273
656
657
373
374
375
1796
1797
1795
375
179
1373
1372
1692
1690
1691
1372
1652
1651
1653
1372
1374
179
178
604
605
1063
1064
1522
1523
1524
1064
1065
1576
1577
1578
1065
605
606
178
1008
1007
1006
178
180
103
105
1252
1541
1542
1540
1589
1590
1588
1540
1252
1254
1253
105
2
3
182
223
225
224
1889
1888
1890
224
182
183
181
1138
1140
1139
181
3
1
7
271
273
888
887
886
273
809
808
810
273
307
308
309
2724
2723
2722
309
273
272
7
1750
1752
1751
7
9
877
1355
1354
1356
877
879
878
9
504
503
502
9
27
106
378
437
2120
2121
2119
437
436
531
530
529
436
1471
1473
1472
436
1237
1239
1238
436
438
1018
1019
1020
438
378
413
1594
2308
2309
2310
1594
1596
1595
413
412
597
595
2225
2226
2224
595
1544
1545
1543
595
596
1047
1045
1046
596
412
414
378
376
1551
1549
1621
1623
1622
2461
2463
2462
1622
1549
1550
376
377
837
2085
2084
2083
2206
2208
2207
2083
837
1899
1897
2735
2734
2736
1897
1898
837
835
836
377
106
154
1494
1493
1492
154
1174
2621
2620
2622
1174
1176
1175
154
155
156
290
1297
1298
1299
2277
2275
2276
1299
290
289
291
156
2578
2579
2580
156
106
108
867
899
898
900
2018
2019
2017
900
867
865
2209
2211
2210
865
866
108
229
231
230
108
107
144
629
908
907
909
629
628
630
942
940
1012
1013
2762
2763
2761
1013
1014
940
941
630
144
2752
2753
2754
144
143
142
1946
1945
1947
142
107
27
25
98
1206
1205
1311
1430
1431
1437
2678
2679
2677
1437
1436
1435
1431
1429
1311
1310
1309
1205
1204
98
99
426
425
424
1392
1604
2765
2764
2766
1604
1605
1953
1952
1951
1605
1603
1392
1391
1390
2318
2319
2317
1390
424
99
292
356
747
746
745
781
783
782
2556
2554
2555
782
1068
1067
1066
782
745
356
2326
2327
2328
2748
2746
2747
2328
356
355
427
429
1403
2540
2539
2541
1403
1402
1404
429
428
788
2191
2192
2193
788
789
787
428
355
357
853
2038
2040
2039
853
854
855
357
1220
1221
1219
1337
1336
1338
1219
357
292
294
559
646
815
816
2794
2795
2796
816
814
1052
1103
1102
1104
2239
2240
2241
1104
1052
1053
1635
1633
1634
1053
1051
814
646
647
1654
1656
1655
647
1584
1582
1583
647
1059
1057
1058
647
648
559
561
560
1963
1964
1965
560
294
293
99
1107
2261
2768
2769
2767
2261
2262
2260
1107
1106
2459
2460
2458
1106
1105
99
97
522
905
1722
1720
2324
2325
2323
1720
1721
2344
2346
2345
1721
905
904
906
1344
1342
1343
906
522
727
729
728
945
2088
2087
2086
945
944
943
1572
1570
1571
943
728
1738
2402
2401
2403
1738
2367
2366
2365
1738
1740
1739
728
522
521
520
97
456
671
1258
1496
1495
1497
1573
1574
1575
1497
1258
1260
1259
671
1198
1200
1199
1841
1842
1840
1199
671
672
1293
1291
1292
672
670
1518
1957
1959
1958
1518
1517
1516
670
456
455
454
97
127
129
1503
1501
1792
1793
1794
1501
1502
1593
1591
1592
1502
129
1277
1278
1276
129
128
97
25
675
673
796
2348
2347
2349
796
798
797
2173
2175
2174
797
673
674
25
419
874
876
2103
2102
2101
876
875
419
420
2029
2030
2031
420
418
25
26
9
2601
2599
2600
9
8
10
790
791
792
1748
1749
1747
792
10
556
2170
2171
2172
2363
2364
2362
2172
556
558
557
10
28
30
1873
1875
1882
1884
1883
1875
1874
30
1682
1683
1681
30
29
86
87
726
725
724
87
639
638
637
718
2392
2393
2394
718
720
719
637
87
1040
1041
1301
1300
1302
1041
1039
87
85
89
254
1451
1852
1853
1854
1451
1450
1452
2093
2094
2092
2469
2535
2534
2533
2469
2467
2468
2092
1452
1701
1700
1699
1452
254
253
361
362
363
253
255
89
88
2264
2265
2263
88
2020
2022
2021
88
1188
1186
1187
88
90
85
29
70
200
201
338
2544
2543
2542
338
339
337
201
310
1031
1030
1032
310
311
2387
2388
2386
311
2045
2044
2046
311
312
201
199
70
71
1514
1515
1513
71
149
1055
1054
2731
2733
2732
1054
1056
1215
1243
1244
1245
1215
1214
1213
1056
149
148
351
2598
2597
2596
351
349
800
799
801
2630
2631
2704
2706
2705
2631
2629
801
349
350
148
266
265
1724
1723
1725
265
267
770
1805
1804
1806
770
771
769
267
148
2099
2098
2100
148
150
264
370
400
1484
1485
1483
400
402
401
370
371
372
264
263
301
430
1569
1567
1568
430
432
431
901
1332
1330
1468
1469
1470
1330
1331
1674
1672
1673
1331
901
902
903
1035
1034
1033
1036
1038
1037
1145
1144
1146
1037
1033
903
431
2518
2519
2520
431
2123
2124
2122
2643
2641
2642
2122
431
301
302
303
263
1896
1895
1894
263
262
2784
2783
2782
262
150
2399
2400
2398
150
1347
1581
1580
1579
1347
1345
1346
150
71
72
29
36
421
1559
1558
1560
421
423
554
1876
1878
1877
554
553
555
423
422
1504
1505
1506
422
36
34
2530
2531
2532
34
212
652
654
653
212
211
213
922
923
924
213
34
130
960
959
958
130
327
326
325
910
912
911
325
479
1353
2253
2251
2252
1353
1351
1352
479
478
590
870
869
868
590
591
589
744
742
743
1193
1192
1194
1737
1736
1735
2376
2375
2374
1735
1194
743
589
1670
1669
1671
589
1664
1665
1663
589
478
565
566
567
1827
2066
2067
2065
1827
1826
1825
567
478
480
618
616
617
480
325
2368
2369
2370
325
130
132
643
644
645
132
1360
1361
2342
2343
2341
1361
1362
132
131
208
1255
1257
1256
1698
1696
1697
1256
208
210
397
399
1507
1759
1760
2146
2148
2160
2159
2158
2148
2147
1760
1761
1507
1509
1508
399
398
1062
1060
1061
398
210
1029
1028
1027
210
209
354
592
594
1534
1536
1535
594
1230
1228
1229
594
593
1966
1968
2041
2043
2042
1968
1967
593
354
353
352
209
323
322
1387
1389
2077
2079
2078
1389
1388
322
324
1521
1520
1519
324
209
2610
2609
2608
209
131
34
35
41
500
499
501
768
817
818
1913
1914
1912
818
1706
1707
1705
818
819
831
829
830
819
768
767
766
2169
2167
2168
766
501
41
40
1083
2501
2500
2502
1083
1082
1081
40
42
966
965
964
42
2569
2571
2570
42
35
29
177
691
692
693
928
1333
1335
1334
2176
2177
2178
1334
928
930
929
693
177
2661
2660
2659
177
175
176
823
2032
2034
2033
823
1304
1303
1305
823
825
824
176
29
1565
1566
1564
29
10
12
737
738
2292
2290
2291
738
736
12
11
21
329
569
750
748
1074
1073
1072
748
749
1640
1641
1639
749
569
568
1282
1434
1432
1433
1282
1283
1284
568
570
329
328
933
932
931
1401
2624
2623
2625
1401
1399
1400
931
328
330
21
252
250
251
21
19
243
242
241
19
20
95
94
96
20
11
18
16
2212
2213
2214
16
17
11
8
1
1820
1821
1819
1
0
6
46
765
764
2480
2481
2479
764
763
46
54
857
856
858
54
53
510
717
715
716
510
1997
1996
1998
510
1822
1823
1824
510
508
509
515
516
514
509
1467
1465
1915
1916
2717
2718
2716
1916
1917
2384
2383
2385
1917
1465
1466
509
53
52
60
59
2389
2390
2391
59
1955
1954
1956
59
58
1208
1207
1209
58
52
46
314
313
579
1136
1137
1135
579
577
614
615
622
623
624
954
952
953
2558
2559
2557
953
624
615
2353
2355
2354
615
1117
1119
1118
1870
1887
1885
1886
1870
1871
1872
1118
615
613
1165
1167
1166
613
577
578
313
2672
2671
2673
313
315
46
48
141
139
963
962
961
139
489
487
2408
2409
2407
487
2118
2117
2116
487
488
139
140
222
221
820
2072
2071
2073
2712
2711
2710
2073
820
821
822
2230
2231
2232
822
221
498
547
548
1729
1731
1730
548
549
1607
1606
1608
2155
2156
2279
2278
2280
2156
2157
1608
549
1324
1325
1326
549
498
496
497
221
2785
2787
2786
221
220
2587
2589
2588
220
140
48
47
1359
1357
1358
47
6
364
2497
2499
2498
364
2025
2023
2024
364
1525
1526
1527
364
1022
2417
2418
2416
1022
1023
1021
1727
1754
1755
1753
1727
1726
1728
1021
364
365
576
575
2340
2339
2338
575
574
365
366
1348
1420
1421
1422
2616
2614
2615
1422
1348
1350
1349
366
6
22
218
277
485
860
1859
2288
2287
2289
1859
1860
2307
2305
2771
2772
2770
2305
2306
1860
1858
860
859
861
485
493
677
676
1147
1321
1323
1322
1147
1148
1149
676
678
493
1097
1096
1098
1977
1976
1975
1098
493
495
1172
1173
1171
1456
1457
1458
1171
495
494
485
484
833
834
2395
2397
2396
834
832
484
486
935
1489
1490
1491
2568
2566
2567
1491
935
936
934
486
785
784
786
873
1843
1845
1844
873
871
872
786
486
277
279
1156
2180
2181
2179
1156
1158
1157
279
278
218
217
1776
1775
1774
217
1386
1385
1384
217
219
434
435
433
219
22
24
23
610
612
1225
1226
1626
1625
1624
1226
1227
612
611
1116
1115
1114
611
23
6
1799
1800
1798
1856
1855
1857
1798
6
110
111
109
599
1784
1785
1783
2775
2774
2773
1783
599
600
598
109
6
5
806
805
807
5
708
707
706
1223
1222
2446
2448
2447
1222
1224
706
1069
1070
1071
1561
1562
1563
1071
1383
1381
1382
1071
706
5
704
703
705
5
336
335
334
5
193
773
1011
1010
1009
773
772
774
2633
2632
2634
774
193
537
2322
2320
2321
537
535
536
193
405
2708
2745
2743
2744
2708
2707
2709
405
2381
2382
2380
405
403
404
193
195
543
541
919
920
921
541
1024
1026
1881
1879
1880
1026
1025
2141
2142
2140
1025
541
542
2422
2424
2423
2488
2489
2490
2423
542
195
392
1295
1294
2255
2484
2483
2482
2255
2254
2256
1294
1296
1554
1630
2070
2068
2069
1630
1632
1631
1554
1552
1553
1296
392
391
665
761
760
1974
1972
1973
760
1077
1075
1076
1548
1546
1547
2228
2227
2229
1547
1076
760
762
665
666
664
391
393
195
2013
2011
2012
195
194
5
15
37
849
847
848
37
79
83
2476
2477
2478
83
82
197
442
540
539
1695
1693
1694
539
538
1447
1449
1448
538
442
443
1863
1861
1862
443
444
1934
2503
2504
2505
1934
1933
1935
2455
2456
2457
1935
444
197
1660
1661
2107
2799
2798
2797
2107
2109
2108
1661
1662
197
198
1265
1264
2507
2508
2506
1264
1475
1474
1476
1264
1266
198
196
82
84
79
81
1787
1786
1788
81
80
439
1648
1650
1649
439
440
492
490
491
440
441
80
248
633
632
896
1263
1262
1261
896
895
897
632
1687
1743
1742
1741
1687
1688
1830
1829
2491
2493
2492
1829
1991
1992
1990
1829
1828
1688
1689
2777
2776
2778
1689
2685
2683
2684
1689
2059
2061
2060
1689
632
631
248
247
249
995
996
994
249
813
1247
1686
1685
1684
1247
1248
1246
813
812
811
249
80
239
240
458
459
475
527
526
1078
1080
1079
2517
2515
2516
1079
526
528
545
1093
2373
2371
2372
1093
1529
1530
2696
2695
2697
1530
1528
1093
1094
1095
545
546
544
528
1005
1003
1004
1866
1864
1865
1004
528
475
1533
1531
1532
475
477
476
459
1170
1168
1169
459
457
1091
1412
1413
1411
1091
1092
1090
457
240
1713
1712
1711
240
1539
1538
1537
240
238
285
283
284
238
268
890
974
975
973
890
891
889
2302
2304
2303
889
268
269
270
1675
1676
1677
2553
2552
2551
1677
270
238
2590
2591
2592
238
1371
1369
1370
2333
2334
2332
1370
238
80
102
2758
2760
2759
102
214
215
216
483
939
1153
1155
2449
2450
2451
1155
1154
939
937
938
483
481
755
2702
2703
2701
755
1141
1142
1143
755
756
754
481
482
216
102
100
2564
2565
2563
100
101
80
37
188
189
187
667
669
668
187
37
124
305
892
894
916
1782
1781
1780
916
917
918
894
893
1425
2005
2007
2006
1425
1424
1423
893
305
2126
2127
2125
305
306
304
124
158
157
159
124
126
417
416
2154
2152
2153
416
415
776
983
982
984
776
979
980
981
2536
2538
2537
981
776
777
775
415
126
369
367
583
585
733
734
735
585
2644
2646
2740
2742
2741
2646
2645
585
584
367
368
1190
1191
1189
368
126
167
2550
2549
2548
167
204
202
473
474
472
525
524
1428
1426
1427
524
523
713
712
2713
2715
2714
712
714
2151
2150
2149
714
523
472
1129
1131
1130
472
202
260
259
379
381
380
1979
1978
1980
380
259
261
608
607
609
261
202
203
447
446
445
1408
2440
2442
2441
1408
1409
1410
445
203
280
282
1249
1250
1251
282
281
203
167
173
701
700
702
1111
1113
1112
702
173
174
172
167
166
168
126
125
396
394
1668
1667
1666
394
395
2138
2137
2139
395
125
2561
2560
2562
125
37
39
38
15
13
31
66
411
410
1985
1986
1984
2663
2664
2662
1984
410
409
582
581
1813
1814
1815
581
580
409
66
65
64
91
2682
2680
2681
91
146
145
147
2756
2755
2757
147
91
116
711
1316
1315
1317
711
710
709
116
274
276
275
884
1777
1778
2413
2414
2415
1778
1779
884
885
883
275
2185
2187
2186
275
116
115
123
1407
1405
1406
2529
2528
2527
1406
123
122
649
826
827
1922
1923
2698
2699
2700
1923
1921
827
828
649
680
880
882
881
680
681
2110
2111
2112
681
679
2076
2074
2075
679
649
651
650
122
552
551
550
2410
2412
2411
550
122
121
246
387
699
697
698
2720
2719
2721
698
1177
1178
1179
698
387
386
2015
2014
2016
386
1764
2435
2436
2434
1764
1763
1762
386
385
695
696
694
385
626
1463
1462
1464
1482
1481
1480
1464
626
625
627
385
1831
1832
1833
385
246
245
340
1716
1714
2055
2133
2132
2131
2055
2053
2054
1714
1715
340
342
2000
2001
2606
2607
2605
2001
1999
342
1455
1454
1453
342
341
245
1440
1439
1438
245
1127
2584
2585
2586
1127
1478
1479
1477
1127
1128
1126
245
244
121
115
117
977
1161
1926
1925
2546
2545
2547
1925
1924
2161
2163
2162
1924
1161
1159
1847
2513
2512
2514
1847
1848
1846
1159
1160
1867
2097
2096
2095
2234
2233
2235
2095
1867
2057
2056
2058
1867
1868
2130
2128
2129
2524
2525
2526
2129
1868
1869
1160
977
976
978
117
118
120
119
345
343
2439
2438
2437
343
1487
1488
1486
343
1328
1329
1327
343
344
119
117
91
93
2336
2335
2454
2452
2453
2335
2337
93
92
333
332
331
92
1124
1125
1123
92
64
463
465
464
64
2250
2249
2248
64
153
165
469
471
1001
2247
2245
2246
1001
1000
1002
471
470
165
236
235
1556
1557
1555
235
237
165
1613
1612
1614
165
163
164
205
449
450
505
506
507
450
2635
2637
2636
450
448
205
298
803
804
802
298
299
300
205
206
1767
1766
1765
206
207
164
153
1341
1339
1340
1746
1745
1744
1340
153
151
985
986
987
1811
1810
1812
987
151
152
1500
1498
1499
152
64
31
51
950
949
951
1610
1611
1609
951
51
513
993
992
991
513
512
722
1809
1808
1807
722
723
721
512
1944
2113
2115
2114
1944
1942
1943
512
511
852
851
850
999
998
997
850
511
51
1152
2751
2749
2750
1152
2195
2196
2194
1152
1151
1285
1287
1709
1710
1708
1287
1286
1151
1150
51
49
1987
1988
1989
49
50
56
358
360
1461
1459
1460
2674
2790
2788
2789
2674
2676
2675
1460
360
359
1902
1901
1900
359
56
2293
2294
2295
56
160
635
1920
2274
2272
2273
1920
1919
1918
635
636
2496
2494
2495
636
2238
2237
2694
2693
2692
2237
2236
636
634
690
1616
1617
2081
2082
2080
1617
1802
2649
2648
2647
1802
2577
2576
2575
1802
1801
2063
2064
2062
1801
1803
1617
1615
690
688
689
634
160
161
640
642
641
1288
1313
2668
2670
2669
1313
1312
1314
2419
2420
2421
1314
2359
2360
2361
1314
1717
1718
1719
1906
1907
1908
2627
2626
2628
1908
1719
1314
1288
1290
1905
1903
1904
1290
1289
2639
2640
2638
1289
641
161
162
234
232
1203
1202
1368
1367
1366
1202
1201
232
233
162
1647
1646
1645
162
56
55
321
2612
2611
2613
321
1306
1308
1680
1757
1927
1929
1928
1757
1756
1758
1680
1679
1678
1308
1307
2655
2653
2654
1307
321
319
972
970
971
319
320
55
1414
1416
1415
1597
1598
1599
1415
55
57
50
228
227
286
2781
2780
2779
286
287
389
390
388
793
2619
2618
2617
793
794
795
1217
1216
1320
1319
1318
1910
1911
2426
2427
2425
1911
1909
1318
1216
1218
795
388
287
288
227
226
50
185
2658
2657
2656
185
2089
2090
2091
185
1600
1602
1601
185
184
186
686
685
687
1376
1377
1375
1636
1637
1638
1375
687
186
602
603
780
779
1279
1280
1281
779
778
1197
1196
2009
2727
2726
2725
2009
2010
2008
1196
1195
778
603
601
186
50
31
2688
2687
2686
31
1044
1132
1134
1133
1044
1043
1042
1893
1892
1891
2221
2222
2223
1891
2002
2004
2791
2793
2792
2004
2003
2202
2200
2201
2003
1891
1042
31
33
1644
1643
1834
1849
2311
2313
2312
1849
1850
1851
1834
1836
1835
1643
1642
2220
2219
2218
1642
33
32
660
658
659
32
13
14
5
4
43
564
682
1235
1234
1236
682
683
684
1122
1120
1121
2285
2286
2284
1121
2028
2027
2026
1121
684
564
1983
1981
1982
564
562
563
846
1184
1183
1185
846
844
2269
2271
2270
844
1704
1703
1702
844
845
563
43
1838
1837
1839
43
44
67
460
1100
1101
1099
1418
1419
1417
1099
460
461
462
67
407
406
1015
1016
1017
2377
2378
2379
1017
406
408
67
1948
1949
1969
1971
1970
1949
1950
67
1771
2258
2259
2257
1771
1773
1772
67
69
572
2204
2205
2203
572
571
1182
1181
1180
571
573
69
68
518
1378
2051
2583
2581
2582
2051
2052
2572
2573
2574
2052
2050
1378
1380
1379
518
519
2595
2593
2594
519
2188
2281
2283
2282
2188
2189
2190
519
1233
1232
1231
519
517
68
44
45
62
839
838
840
1394
1395
1393
840
62
63
1939
2037
2036
2445
2443
2444
2036
2105
2104
2404
2406
2405
2602
2603
2604
2405
2104
2106
2036
2035
1939
1941
1940
63
1818
1816
1817
63
1768
1769
1770
63
170
171
2268
2266
2267
171
169
63
114
112
2135
2691
2689
2690
2135
2134
2136
112
113
753
1658
1657
1659
753
752
751
113
137
864
863
927
925
1396
1398
1397
925
926
863
2316
2314
2315
863
862
137
2510
2511
2509
137
136
138
619
620
740
741
841
842
843
969
1163
2650
2651
2652
1163
1162
1164
969
968
967
2329
2331
2330
967
843
741
739
620
1960
1961
2432
2431
2433
1961
1962
620
621
138
113
63
61
296
297
295
382
384
383
295
61
452
1511
1512
